2
82
15
66
29
76
17
98
99
35
63
48
33
36
78
28
87
3
63
100
13
99
45
84
94
56
82
11
62
53
82
90
63
38
61
47
74
63
28
40
98
74
97
80
74
31
78
4
53
6
76
31
2
79
39
58
7
13
29
61
97
22
87
5
17
24
74
40
57
1
26
20
54
43
19
86
53
70
56
76
40
20
0
51
41
41
33
78
65
51
86
6
22
54
26
3
29
12
19
16
41
50
35
46
49
32
12
93
95
66
99
7
35
3
28
18
71
77
95
58
73
59
81
24
31
66
65
19
14
75
17
2
23
64
35
13
74
2
47
76
62
30
33
27
85
41
79
48
32
54
89
17
7
98
99
69
14
59
17
81
52
5
96
0
92
85
32
60
89
33
21
49
8
2
17
29
76
40
32
100
66
33
80
8
97
36
16
88
18
47
5
13
33
41
85
77
72
43
26
83
60
21
21
61
31
44
61
39
0
57
72
1
31
36
86
11
1
59
57
81
24
90
6
25
79
39
34
52
36
54
72
24
70
37
75
70
11
66
76
69
53
54
14
65
52
97
65
99
100
54
75
49
47
41
24
73
61
18
37
62
69
29
24
96
8
5
93
70
18
58
12
47
97
79
78
39
40
11
69
64
94
56
38
89
20
13
2
17
40
5
90
67
39
16
32
28
96
99
56
49
58
65
24
19
40
81
36
50
60
23
45
53
88
92
77
79
26
86
87
37
80
7
26
50
18
32
6
33
21
38
0
57
99
32
29
82
75
51
19
15
70
24
17
91
45
76
6
54
17
48
68
23
83
77
28
95
26
97
85
14
71
45
47
42
1
33
17
57
84
65
21
73
81
80
90
63
98
86
42
35
93
9
78
26
15
36
18
60
76
8
69
5
30
12
47
36
97
36
84
44
42
97
59
72
31
0
37
98
25
79
58
80
77
88
61
7
57
29
66
63
68
61
74
13
50
96
29
40
38
71
38
33
21
11
27
91
24
63
98
14
7
65
35
48
17
46
59
3
27
100
35
61
37
17
45
89
38
76
94
67
80
68
77
36
95
16
72
23
62
62
72
91
41
98
72
8
3
81
77
67
6
28
65
19
85
45
82
23
54
21
65
11
47
32
69
59
86
49
43
10
75
57
89
86
27
71
24
8
80
87
63
58
0
77
0
0
6
24
64
22
1
64
92
72
66
85
92
67
3
6
59
15
34
70
82
14
62
35
8
72
95
24
7
79
14
82
19
69
29
16
28
26
70
83
48
45
4
67
73
68
44
15
25
47
71
42
64
17
40
51
75
62
73
30
57
93
79
9
90
86
90
0
88
76
60
91
88
35
88
25
70
47
14
55
83
21
54
88
66
73
31
93
5
90
62
33
0
99
35
31
59
49
92
65
71
51
72
37
82
50
47
45
88
46
24
77
82
21
5
82
47
33
91
41
54
27
8
81
82
14
72
46
25
5
69
12
25
81
64
60
1
11
72
98
11
94
81
45
40
26
39
92
83
17
19
49
12
88
48
11
20
19
48
98
10
9
25
40
85
85
12
62
76
94
62
22
89
57
7
92
53
91
4
77
97
3
21
76
91
26
46
72
59
12
60
36
56
83
69
80
44
15
88
54
67
84
16
63
57
24
32
34
49
67
51
3
80
97
99
85
34
20
91
37
79
55
35
98
22
32
95
73
1
79
62
93
83
78
29
60
91
42
9
12
1
95
72
75
16
40
89
54
39
74
90
56
29
35
18
82
90
37
1
91
13
72
45
63
17
23
60
42
41
86
17
34
73
47
66
12
59
59
47
11
8
40
52
3
57
28
77
78
73
29
43
1
3
28
77
41
12
50
54
72
26
41
79
96
26
92
62
57
13
12
55
25
39
31
43
94
12
26
21
59
30
48
55
53
34
7
86
26
28
38
31
28
30
98
23
33
65
81
35
32
92
17
89
95
2
26
50
86
42
21
3
23
29
56
85
10
1
91
46
47
51
70
30
20
55
96
55
46
56
58
35
3
27
35
96
10
44
62
93
5
41
22
28
52
25
37
0
74
70
55
63
34
55
97
4
19
97
21
84
35
39
50
89
44
15
58
15
13
89
37
25
33
21
48
97
6
67
87
99
99
84
38
89
7
87
51
58
4
82
96
42
17
81
78
88
4
95
16
67
51
10
71
30
97
46
23
49
65
76
41
33
34
77
28
65
10
53
69
100
24
69
51
1
26
55
2
49
77
28
37
100
71
91
86
9
9
46
45
90
96
74
28
23
42
4
45
88
48
9
97
51
17
84
7
45
41
99
58
69
23
63
5
9
32
22
95
59
96
97
46
84
56
51
21
52
38
22
99
98
28
85
51
19
84
94
92
54
26
41
56
72
21
84
53
82
90
40
36
58
2
11
57
70
33
28
29
94
8
78
93
0
50
14
36
57
76
34
92
32
100
53
7
78
72
66
68
5
14
53
72
52
54
88
43
28
76
72
89
13
97
0
77
40
93
63
5
58
45
29
59
8
78
65
37
92
47
5
86
41
84
90
39
39
53
41
40
64
74
56
4
58
100
28
71
37
10
23
59
89
96
84
64
18
74
60
22
66
35
100
26
21
82
81
13
83
5
74
69
42
70
97
57
10
86
89
62
31
3
34
91
29
35
47
9
97
37
64
12
27
32
36
73
77
99
41
2
42
6
82
0
38
99
34
48
40
80
35
79
3
99
97
41
3
68
2
9
87
87
33
58
96
86
69
95
77
22
42
58
78
39
62
21
2
49
63
10
56
19
20
53
8
33
84
13
80
41
22
60
65
100
42
41
26
50
75
90
86
33
39
26
55
88
85
0
17
28
29
8
20
91
35
34
60
66
0
95
33
99
80
9
8
36
93
39
80
10
92
96
86
9
68
24
74
48
73
77
14
8
73
37
86
56
80
2
49
34
5
91
27
61
100
98
72
59
47
35
96
37
92
23
95
52
98
5
80
95
55
74
41
65
81
20
54
70
73
12
34
65
100
39
34
19
50
23
8
59
77
63
16
30
18
6
16
81
62
66
83
18
35
75
96
7
84
36
65
80
90
67
34
59
20
44
72
48
1
55
9
7
56
68
6
14
14
51
40
64
0
1
52
87
31
1
37
49
98
56
32
80
73
93
48
8
80
91
36
52
25
40
16
4
17
86
12
88
51
100
93
84
48
11
9
30
32
26
54
56
68
40
1
21
87
23
11
17
65
68
66
92
38
45
70
34
52
68
60
63
32
39
23
14
97
64
25
59
3
46
61
17
59
76
48
38
83
33
98
6
4
42
92
95
86
87
50
4
45
23
63
9
15
61
100
58
35
21
10
82
90
62
85
1
68
1
100
26
40
100
2
9
4
46
49
41
15
32
71
61
82
16
49
27
71
13
66
37
85
42
83
71
54
97
15
20
4
62
39
5
18
100
92
56
41
22
36
20
69
49
98
79
20
86
4
82
31
98
48
80
68
55
34
35
20
27
30
3
9
8
28
44
4
48
56
91
14
7
58
18
82
63
14
0
85
86
37
49
13
51
51
18
81
97
55
77
44
0
33
57
66
94
17
6
61
75
57
74
50
42
59
71
42
31
16
26
90
97
90
6
66
69
24
8
43
92
71
18
46
22
14
25
19
8
47
42
78
24
10
62
49
15
35
59
15
61
61
37
56
81
95
34
48
56
43
71
3
51
97
7
32
25
53
67
1
68
74
90
23
8
37
12
35
87
37
44
81
81
100
64
50
67
0
43
98
40
94
44
73
48
86
22
87
20
7
56
69
64
2
57
11
100
72
67
82
46
22
41
77
48
93
3
41
45
20
2
46
90
59
82
14
41
95
11
64
93
4
96
0
12
33
46
76
11
62
99
2
53
79
84
28
86
51
94
98
86
48
20
45
31
72
52
2
18
43
49
10
1
99
36
52
33
1
15
96
62
7
11
82
50
63
27
38
94
58
73
74
80
20
46
89
2
91
23
61
67
39
56
60
58
66
35
30
82
28
46
8
17
31
99
56
48
69
44
61
65
98
45
47
73
46
47
52
36
51
41
12
28
34
19
31
99
95
34
48
79
54
78
86
0
98
97
97
69
52
59
64
65
13
5
29
17
48
17
66
47
26
8
99
100
51
60
7
94
90
78
81
10
0
38
78
70
68
87
27
16
73
27
30
81
8
75
9
47
6
83
66
45
59
24
90
2
2
38
54
85
74
82
98
7
28
49
73
62
94
20
74
91
54
28
8
85
47
1
26
66
3
42
85
60
26
91
83
37
88
43
98
22
69
52
36
76
56
53
83
53
68
20
79
42
70
13
48
81
86
59
66
92
86
58
73
26
4
9
61
58
72
44
17
11
30
60
19
19
20
49
67
86
61
25
48
61
39
58
90
59
8
71
33
42
18
35
76
4
6
40
30
47
25
60
74
32
34
6
4
63
43
14
92
98
53
73
59
57
3
45
88
86
30
21
46
15
3
75
23
93
90
57
65
97
30
11
93
26
20
89
84
43
87
84
82
91
22
72
44
52
90
66
55
74
66
19
29
60
92
51
27
14
76
57
62
66
77
86
1
51
74
74
30
68
15
54
6
78
65
13
21
69
55
66
98
42
92
41
76
11
54
33
1
75
100
7
14
25
89
55
0
41
15
50
17
51
55
37
96
53
51
51
65
47
68
23
46
36
26
33
77
86
23
72
58
70
75
26
42
34
2
3
90
11
73
78
70
34
12
67
36
78
6
47
100
21
2
71
7
18
42
4
95
65
52
48
36
32
34
28
2
71
85
84
59
66
81
68
30
80
56
7
25
97
94
26
2
19
1
8
59
49
22
88
15
91
99
15
17
45
36
96
11
22
95
55
48
59
22
9
6
15
22
6
51
19
56
14
53
21
84
82
3
83
95
84
68
87
66
77
80
24
19
91
70
19
79
21
14
4
69
9
41
18
66
18
6
60
43
81
78
87
78
57
62
8
94
64
53
16
98
2
8
55
22
70
84
33
25
35
100
72
13
68
93
67
42
31
30
55
69
48
78
73
83
68
50
99
89
16
4
71
14
97
80
3
9
20
90
53
86
48
20
83
77
46
39
56
69
6
31
24
46
88
47
57
72
57
92
48
85
77
23
12
94
29
43
59
24
94
5
54
79
76
76
38
42
66
57
85
55
54
99
50
71
7
29
3
71
55
73
31
28
19
20
57
5
3
17
39
75
76
88
65
93
76
6
51
66
24
58
68
65
35
33
99
24
87
19
85
11
56
78
49
95
28
38
89
92
73
76
38
54
3
53
79
22
7
22
7
41
32
15
3
83
77
52
100
7
64
0
84
32
42
38
83
81
57
54
23
67
15
45
57
81
84
6
96
5
73
70
50
33
0
12
19
54
59
59
45
40
82
1
92
59
17
33
91
96
73
92
26
44
14
68
47
84
72
87
25
75
97
26
61
88
59
82
44
49
53
78
68
22
33
51
94
78
38
85
68
68
18
98
74
24
57
98
48
84
3
69
99
61
100
82
32
81
65
39
71
26
48
92
79
27
58
93
30
20
90
26
47
50
83
94
90
29
59
8
8
68
12
74
30
57
3
28
25
4
92
71
27
34
50
2
46
72
28
60
79
27
93
56
64
98
28
54
79
15
24
76
72
60
59
45
80
23
9
1
58
79
28
96
16
46
29
47
14
72
51
91
12
95
8
11
18
50
48
48
76
25
90
16
31
53
65
0
39
35
38
43
2
22
84
54
31
16
5
49
37
10
24
65
88
88
63
11
27
11
33
13
85
69
95
18
71
52
92
15
84
64
21
15
36
63
68
42
45
97
9
98
64
17
50
86
65
58
33
2
43
82
58
23
60
18
35
61
24
15
54
13
31
2
57
39
77
63
59
52
65
85
96
99
14
83
75
12
55
44
64
83
62
35
39
96
21
21
98
82
39
57
17
49
90
18
32
39
73
66
55
75
93
94
55
27
28
47
29
77
33
73
37
37
24
5
45
80
48
7
80
13
36
43
75
88
60
79
47
38
60
0
39
87
77
13
69
29
66
75
17
98
93
49
21
82
91
65
3
84
25
76
31
29
39
79
62
23
42
90
12
49
8
17
17
11
16
95
51
22
1
88
93
7
57
89
45
14
28
64
98
62
11
69
76
29
67
54
76
97
13
0
56
73
67
11
19
7
12
21
8
90
18
8
5
17
78
79
78
31
27
71
88
51
95
28
90
77
76
27
73
80
89
45
8
32
8
85
68
23
90
39
18
61
42
32
58
99
69
77
33
87
80
91
30
57
50
29
4
70
20
8
67
50
55
41
22
0
98
11
0
46
3
30
63
100
63
32
48
41
63
47
7
48
77
69
91
88
51
28
17
59
60
53
52
42
19
8
59
68
99
63
44
1
100
78
83
19
46
29
10
67
62
53
20
12
55
52
16
61
59
96
77
9
77
3
25
47
60
29
78
83
14
25
3
29
79
74
83
89
27
13
54
82
77
38
45
25
38
15
33
0
93
95
4
95
20
73
95
100
65
44
8
92
24
100
36
20
83
29
3
1
51
45
93
24
51
98
86
17
70
74
15
53
89
98
4
14
42
66
22
53
89
58
22
56
53
74
27
61
44
20
88
47
10
62
55
41
31
23
97
29
33
49
67
25
83
91
43
5
37
43
78
23
95
97
92
71
49
14
65
53
76
59
18
5
39
15
78
59
10
18
7
34
70
64
54
14
25
48
10
3
24
97
13
100
92
18
4
57
91
8
3
18
47
73
57
40
75
85
91
1
57
53
45
36
19
34
99
86
63
85
64
85
89
90
2
23
85
73
73
83
100
5
91
57
74
70
52
63
56
30
23
20
55
20
95
64
38
58
18
29
52
6
95
19
78
77
64
22
59
56
56
10
66
28
0
49
13
97
85
91
66
91
22
3
44
0
59
90
21
46
88
55
5
9
43
89
96
71
13
50
88
26
20
19
91
43
43
86
89
45
59
73
63
26
68
33
82
73
77
3
79
17
18
55
55
0
72
68
42
87
4
52
50
77
24
69
67
50
36
68
81
62
94
87
41
12
20
18
58
4
39
19
8
12
40
27
92
21
79
53
0
42
57
88
91
27
74
50
74
80
59
86
87
16
54
22
0
27
29
81
10
7
35
31
64
79
91
10
34
59
80
34
35
25
64
11
96
32
39
25
94
13
35
100
3
26
51
27
34
92
60
92
65
6
90
71
2
67
94
48
76
25
7
92
24
5
56
51
55
42
22
49
60
31
56
36
21
0
98
26
55
56
84
79
39
1
0
56
86
49
0
73
27
32
77
83
88
54
96
95
94
44
35
41
26
36
24
88
5
97
21
72
46
3
78
27
80
66
88
26
78
17
22
89
31
33
63
53
91
44
20
32
1
65
1
52
39
30
67
49
78
54
99
73
68
95
89
12
5
3
3
9
85
45
59
81
20
23
24
66
36
9
0
30
22
3
46
32
12
70
31
11
99
87
61
51
83
3
19
36
44
30
3
69
96
74
76
95
67
3
61
9
95
83
19
0
48
88
30
53
82
69
4
57
25
88
94
42
54
89
47
22
82
28
70
38
76
8
11
54
2
9
62
15
71
2
41
21
36
100
0
26
67
41
42
3
39
31
58
98
32
85
31
3
63
63
96
81
34
6
36
38
56
39
3
38
33
14
14
59
45
60
33
50
75
77
60
17
48
99
97
65
93
96
67
56
21
6
35
100
9
72
52
34
85
89
58
82
81
52
53
98
69
36
59
47
11
69
93
76
39
65
84
12
54
31
85
31
81
92
83
56
46
52
66
64
81
88
52
43
97
33
67
94
55
84
41
7
2
60
54
99
87
69
61
5
37
23
36
100
92
93
57
80
33
54
1
12
96
76
88
23
42
70
96
42
50
48
3
29
30
86
26
10
79
25
75
23
77
66
63
44
97
41
97
68
65
16
56
94
100
36
63
91
17
45
67
99
59
9
58
38
81
88
37
26
76
82
60
50
6
37
17
27
0
53
47
23
36
56
6
74
38
78
97
76
55
8
83
81
66
48
31
83
56
4
86
5
47
73
23
65
19
48
41
5
43
72
34
75
29
9
71
80
86
39
84
24
94
27
32
51
0
30
97
58
24
3
86
44
97
85
14
7
72
62
83
83
44
8
93
91
58
51
29
91
40
0
13
56
2
4
90
35
27
56
39
91
42
94
9
40
1
24
81
78
76
15
79
18
13
87
36
78
76
51
26
56
89
0
24
20
0
54
65
47
76
90
50
72
98
23
15
9
12
33
44
60
84
37
29
36
1
75
60
40
42
99
48
25
9
89
23
23
76
21
87
20
14
85
67
71
36
9
69
9
33
15
41
74
18
40
9
9
34
33
90
80
74
27
10
99
23
56
87
13
19
16
22
53
93
3
72
22
1
22
29
92
75
41
75
78
86
23
55
29
51
46
31
3
87
2
52
91
7
79
8
75
84
17
25
29
1
12
11
2
80
95
60
39
84
81
17
6
72
7
41
69
44
1
91
40
0
40
20
26
0
16
26
44
5
86
33
56
72
24
100
58
52
84
64
79
20
6
37
17
87
76
83
31
73
68
38
0
79
59
93
94
96
72
87
25
42
1
12
50
52
16
9
37
85
7
56
58
15
47
37
39
78
18
24
56
93
38
33
37
0
81
88
74
81
44
27
40
38
61
37
92
53
77
89
42
64
48
76
88
79
45
47
40
1
53
39
99
70
15
11
44
47
24
24
90
25
100
54
83
4
10
30
69
57
98
0
21
36
41
82
98
81
48
20
6
94
25
34
72
38
95
62
53
60
50
73
4
80
35
30
88
29
8
35
46
32
64
15
56
97
65
93
66
17
80
17
8
92
75
30
2
92
83
76
51
68
46
21
63
6
11
86
52
27
59
16
6
55
71
21
83
67
62
41
41
46
97
17
28
51
66
92
58
32
8
66
22
77
52
20
72
68
61
83
54
84
5
57
13
14
40
53
41
31
75
4
1
47
49
77
65
49
52
44
46
83
29
56
81
40
90
83
75
48
17
26
85
2
96
20
77
6
29
82
97
20
59
59
73
68
16
53
93
52
32
92
6
23
99
89
86
90
26
73
63
84
48
56
3
28
74
12
50
42
33
80
75
43
99
2
65
24
30
93
67
68
9
16
48
28
70
10
96
63
52
23
78
75
61
31
67
99
46
29
70
67
9
82
30
22
64
89
46
33
11
100
87
47
70
63
57
32
16
82
6
19
100
8
60
22
7
23
28
97
17
65
39
73
53
40
81
57
50
11
84
38
1
85
81
74
85
19
46
65
24
18
5
60
98
32
7
71
39
27
64
5
34
66
43
61
45
26
28
3
91
79
97
1
16
39
48
67
40
53
12
22
85
27
9
72
86
74
30
99
19
32
68
53
31
52
38
78
45
47
82
52
0
66
48
59
17
72
20
4
83
78
90
100
91
19
81
57
29
54
50
36
33
89
38
57
5
87
68
0
41
8
14
20
72
52
28
88
81
4
60
46
50
72
46
24
23
97
99
53
59
70
13
55
2
1
7
19
20
49
13
58
67
80
8
17
43
26
1
61
61
27
48
94
78
64
31
27
15
27
34
21
85
52
32
93
37
95
24
93
81
31
68
79
37
25
50
36
29
59
86
39
99
62
89
27
28
54
61
35
88
36
29
44
77
6
87
39
6
94
66
64
19
85
78
19
95
32
28
57
78
55
24
89
34
47
27
41
19
44
84
30
58
70
90
95
5
95
64
64
100
21
27
45
8
12
58
62
28
42
53
50
57
61
36
7
86
12
21
18
50
20
92
99
51
75
20
4
61
63
57
81
54
18
35
25
21
91
62
6
10
71
79
14
22
13
73
68
98
62
67
20
20
10
73
39
32
12
6
32
30
34
11
75
26
44
82
39
87
60
31
92
52
93
21
3
39
70
93
9
98
71
33
20
57
67
16
71
36
92
97
87
75
46
24
61
59
42
52
63
97
23
11
74
72
63
93
55
74
52
97
16
55
16
65
81
93
48
78
24
13
53
77
34
14
80
86
71
32
22
44
60
61
74
99
52
44
69
65
16
8
8
97
70
64
42
83
39
84
0
78
89
41
32
25
27
45
99
84
51
19
8
46
76
1
76
4
40
5
51
37
26
98
94
67
67
45
93
71
83
29
38
73
66
97
4
100
25
78
16
90
69
2
52
59
96
27
16
9
28
62
4
35
100
54
28
67
57
2
72
75
29
32
55
36
97
40
13
100
62
22
52
45
83
13
37
99
26
40
10
19
60
82
37
21
20
44
29
83
99
1
22
2
96
95
32
67
53
71
23
71
67
44
30
95
92
52
97
97
83
23
55
32
79
36
96
26
20
42
9
31
73
48
9
69
78
36
62
5
61
10
26
40
15
70
60
1
4
51
26
22
96
15
35
20
90
15
38
73
59
30
7
10
73
0
14
9
28
63
81
75
8
1
19
92
10
38
61
30
0
66
68
70
2
16
16
81
28
51
40
4
99
30
14
32
9
60
26
90
22
25
74
13
62
82
95
7
10
19
15
19
55
13
56
49
25
67
4
14
30
24
43
49
86
38
60
66
35
71
15
77
89
12
9
91
36
7
9
37
16
53
76
48
75
39
22
40
56
58
3
100
14
84
5
68
41
60
80
62
22
90
83
40
67
76
22
42
25
46
53
17
93
14
88
43
69
73
58
29
3
10
26
27
24
95
92
50
69
66
61
29
73
25
9
49
50
44
43
42
52
73
85
80
91
88
93
25
60
32
18
3
41
89
15
14
95
97
83
100
10
85
25
18
51
41
61
30
88
89
64
7
76
81
27
51
73
94
35
35
47
63
88
73
45
72
89
95
10
2
15
43
40
52
71
86
34
32
58
2
54
11
82
93
35
19
29
68
14
46
13
37
70
25
66
35
25
76
43
62
22
68
49
29
31
79
96
82
74
78
94
15
54
69
1
89
68
41
100
33
92
53
19
33
75
8
76
51
40
97
82
94
18
53
49
1
67
97
95
11
7
15
10
42
2
6
93
28
49
0
46
49
23
91
96
44
23
7
7
37
44
78
66
2
71
79
65
7
38
64
58
35
55
7
25
35
43
37
87
16
89
28
16
83
8
91
36
83
2
55
40
31
22
100
8
78
24
26
4
72
8
37
8
46
71
9
100
82
67
45
21
48
7
6
52
16
60
39
66
7
85
64
60
11
48
20
72
16
22
62
67
8
0
1
18
14
35
61
90
41
98
15
76
35
70
27
67
15
47
47
26
58
64
78
3
2
80
90
22
17
53
6
23
1
90
65
33
68
15
15
20
36
33
